length, width, height, color, x, y, z, shade
1.35, DEPTH, 0.1, colors[3], 0.625, 0.94117, 0, 0
0.1, DEPTH, 0.94117, colors[3], 1.25, 1.4118, 0, 3
0.1, DEPTH, 2.824, colors[3], 2.5, 1.4118, 0, 3
1.35, DEPTH, 0.1, colors[3], 1.875, 2.8235, 0, 0
2.7, DEPTH, 0.1, colors[3], 2.5, 3.7647, 0, 0
2.7, DEPTH, 0.1, colors[3], 1.25, 4.7059, 0, 0
1.35, DEPTH, 0.1, colors[3], 1.875, 5.647, 0, 0
0.1, DEPTH, 2.824, colors[3], 1.25, 7.059, 0, 3
0.1, DEPTH, 5.647, colors[3], 1.25, 12.23521, 0, 3
5.5, DEPTH, 0.1, colors[3], 4.05, 14.11755, 0, 2
0.1, DEPTH, 0.94117, colors[3], 2.7, 15.529305, 0, 1
2.7, DEPTH, 0.1, colors[3], 4, 15.05872, 0, 2
0.1, DEPTH, 1.88234, colors[3], 6.75, 15.05872, 0, 1
0.1, DEPTH, 3.76468, colors[3], 2.7, 11.29404, 0, 3
2.7, DEPTH, 0.1, colors[3], 4, 13.17638, 0, 2
4.25, DEPTH, 0.1, colors[3], 3.325, 8.47053, 0, 2
1.4, DEPTH, 0.1, colors[3], 3.35, 9.4117, 0, 2
2.7, DEPTH, 0.1, colors[3], 5.4, 11.29404, 0, 2
1.4, DEPTH, 0.1, colors[3], 3.35, 12.23531, 0, 2
0.1, DEPTH, 0.94117, colors[3], 4, 11.764625, 0, 3
0.1, DEPTH, 0.94117, colors[3], 4, 9.882285, 0, 3
0.1, DEPTH, 1.88234, colors[3], 5.4, 9.4117, 0, 3
4.05, DEPTH, 0.1, colors[3], 4.725, 7.52936, 0, 0
1.35, DEPTH, 0.1, colors[3], 3.375, 6.58819, 0, 0
0.1, DEPTH, 5.64702, colors[3], 4.05, 3.76468, 0, 3
2.7, DEPTH, 0.1, colors[3], 5.4, 0.94117, 0, 0
0.1, DEPTH, 1.88234, colors[3], 5.4, 2.82351, 0, 3
0.1, DEPTH, 2.82351, colors[3], 5.4, 6.117605, 0, 3
1.35, DEPTH, 0.1, colors[3], 4.725, 10.35287, 0, 2
1.35, DEPTH, 0.1, colors[3], 4.725, 12.23521, 0, 2
0.1, DEPTH, 1.88234, colors[3], 6.75, 1.88234, 0, 3
2.7, DEPTH, 0.1, colors[3], 8.1, 2.82351, 0, 0
4.05, DEPTH, 0.1, colors[3], 7.425, 3.76468, 0, 0
0.1, DEPTH, 0.94117, colors[3], 9.45, 3.294095, 0, 3
0.1, DEPTH, 0.94117, colors[3], 6.75, 11.764625, 0, 3
0.1, DEPTH, 0.94117, colors[3], 13.5, 14.588135, 0, 3
0.1, DEPTH, 0.94117, colors[3], 8.1, 10.823455, 0, 3
0.1, DEPTH, 1.88234, colors[3], 8.1, 13.17638, 0, 3
0.1, DEPTH, 0.94117, colors[3], 9.45, 9.882285, 0, 3
0.1, DEPTH, 0.94117, colors[3], 12.15, 11.764625, 0, 3
0.1, DEPTH, 0.94117, colors[3], 16.2, 10.823455, 0, 1
0.1, DEPTH, 0.94117, colors[3], 16.2, 3.294095, 0, 1
0.1, DEPTH, 0.94117, colors[3], 16.2, 1.411755, 0, 1
0.1, DEPTH, 0.94117, colors[3], 14.85, 4.235265, 0, 1
0.1, DEPTH, 0.94117, colors[3], 14.85, 13.656965, 0, 1
1.35, DEPTH, 0.1, colors[3], 6.075, 6.58819, 0, 0
1.35, DEPTH, 0.1, colors[3], 7.425, 12.23521, 0, 2
1.35, DEPTH, 0.1, colors[3], 7.425, 13.17638, 0, 2
1.35, DEPTH, 0.1, colors[3], 7.425, 10.35287, 0, 2
1.35, DEPTH, 0.1, colors[3], 8.775, 11.29404, 0, 2
1.35, DEPTH, 0.1, colors[3], 8.775, 9.4117, 0, 2
1.35, DEPTH, 0.1, colors[3], 8.775, 7.52936, 0, 0
1.35, DEPTH, 0.1, colors[3], 10.125, 8.47053, 0, 2
1.35, DEPTH, 0.1, colors[3], 10.125, 6.58819, 0, 0
1.35, DEPTH, 0.1, colors[3], 11.475, 12.23521, 0, 2
1.35, DEPTH, 0.1, colors[3], 15.525, 14.11755, 0, 2
1.35, DEPTH, 0.1, colors[3], 15.525, 10.35287, 0, 2
1.35, DEPTH, 0.1, colors[3], 15.525, 7.52936, 0, 2
1.35, DEPTH, 0.1, colors[3], 12.825, 3.76468, 0, 0
1.35, DEPTH, 0.1, colors[3], 16.875, 15.05872, 0, 2
5.4, DEPTH, 0.1, colors[3], 8.1, 4.70585, 0, 0
2.7, DEPTH, 0.1, colors[3], 8.1, 5.64702, 0, 0
0.1, DEPTH, 3.76468, colors[3], 8.1, 7.52936, 0, 3
0.1, DEPTH, 2.82351, colors[3], 6.75, 8.941115, 0, 3
0.1, DEPTH, 1.88234, colors[3], 8.1, 0.94117, 0, 3
0.1, DEPTH, 2.82351, colors[3], 10.8, 3.294095, 0, 3
2.7, DEPTH, 0.1, colors[3], 9.45, 1.88234, 0, 0
5.4, DEPTH, 0.1, colors[3], 12.15, 0.94117, 0, 0
0.1, DEPTH, 4.70585, colors[3], 12.15, 2.352925, 0, 3
0.1, DEPTH, 3.76468, colors[3], 10.8, 7.52936, 0, 3
5.4, DEPTH, 0.1, colors[3], 10.8, 14.11755, 0, 2
6.75, DEPTH, 0.1, colors[3], 11.475, 15.05872, 0, 2
0.1, DEPTH, 1.88234, colors[3], 9.45, 12.23521, 0, 3
0.1, DEPTH, 1.88234, colors[3], 10.8, 11.29404, 0, 3
5.4, DEPTH, 0.1, colors[3], 12.15, 13.17638, 0, 2
6.75, DEPTH, 0.1, colors[3], 12.825, 10.35287, 0, 2
0.1, DEPTH, 1.88234, colors[3], 12.15, 9.4117, 0, 1
0.1, DEPTH, 1.88234, colors[3], 13.5, 12.23521, 0, 1
0.1, DEPTH, 1.88234, colors[3], 16.2, 13.17638, 0, 1
0.1, DEPTH, 1.88234, colors[3], 14.85, 11.29404, 0, 1
0.1, DEPTH, 1.88234, colors[3], 13.5, 8.47053, 0, 1
0.1, DEPTH, 1.88234, colors[3], 14.85, 7.52936, 0, 1
0.1, DEPTH, 3.76468, colors[3], 13.5, 3.76468, 0, 1
4.05, DEPTH, 0.1, colors[3], 15.525, 9.4117, 0, 1
4.05, DEPTH, 0.1, colors[3], 15.525, 9.4117, 0, 1
2.7, DEPTH, 0.1, colors[3], 12.15, 7.52936, 0, 1
5.4, DEPTH, 0.1, colors[3], 14.85, 6.58819, 0, 0
5.4, DEPTH, 0.1, colors[3], 13.5, 5.64702, 0, 0
2.7, DEPTH, 0.1, colors[3], 16.2, 4.70585, 0, 0
2.7, DEPTH, 0.1, colors[3], 16.2, 2.82351, 0, 0
4.05, DEPTH, 0.1, colors[3], 15.525, 1.88234, 0, 0






